"deimos"

modified from the shape model of P. Thomas and
colleagues at Cornell.

long, lat, radius (km)
0,-90,3.9545
0,-85,4.1874
0,-80,4.496
0,-75,4.8416
0,-70,5.1512
0,-65,5.6082
0,-60,5.9651
0,-55,6.3201
0,-50,6.5928
0,-45,6.7492
0,-40,6.8111
0,-35,6.8575
0,-30,6.9006
0,-25,6.9627
0,-20,7.0463
0,-15,7.1604
0,-10,7.2844
0,-5,7.4073
0,0,7.5466
0,5,7.6506
0,10,7.7589
0,15,7.6272
0,20,7.45
0,25,7.3043
0,30,7.2413
0,35,7.1761
0,40,7.0682
0,45,7.008838
0,50,6.951506
0,55,6.792615
0,60,6.590011
0,65,6.404085
0,70,6.174111
0,75,5.976188
0,80,5.8537
0,85,5.7717
0,90,5.6326
5,-90,3.9545
5,-85,4.1909
5,-80,4.5031
5,-75,4.8364
5,-70,5.1371
5,-65,5.5927
5,-60,5.9413
5,-55,6.2496
5,-50,6.4838
5,-45,6.5933
5,-40,6.6552
5,-35,6.7035
5,-30,6.7585
5,-25,6.8437
5,-20,6.9405
5,-15,7.0383
5,-10,7.1372
5,-5,7.286
5,0,7.4505
5,5,7.576
5,10,7.7114
5,15,7.5276
5,20,7.3039
5,25,7.238
5,30,7.1946
5,35,7.1413
5,40,7.0866
5,45,6.9811
5,50,6.891171
5,55,6.740746
5,60,6.599746
5,65,6.428195
5,70,6.160348
5,75,5.946821
5,80,5.8632
5,85,5.7755
5,90,5.6326
10,-90,3.9545
10,-85,4.1932
10,-80,4.5085
10,-75,4.8298
10,-70,5.1213
10,-65,5.5738
10,-60,5.9088
10,-55,6.1623
10,-50,6.3664
10,-45,6.4498
10,-40,6.4995
10,-35,6.549
10,-30,6.6103
10,-25,6.6953
10,-20,6.7799
10,-15,6.8775
10,-10,6.978
10,-5,7.1605
10,0,7.3721
10,5,7.5266
10,10,7.597
10,15,7.4793
10,20,7.2764
10,25,7.1699
10,30,7.1174
10,35,7.0772
10,40,7.0164
10,45,6.9462
10,50,6.834574
10,55,6.724492
10,60,6.587872
10,65,6.436189
10,70,6.170232
10,75,5.958864
10,80,5.8598
10,85,5.7772
10,90,5.6326
15,-90,3.9545
15,-85,4.1906
15,-80,4.5047
15,-75,4.8147
15,-70,5.0939
15,-65,5.5074
15,-60,5.8065
15,-55,6.0492
15,-50,6.2298
15,-45,6.3028
15,-40,6.3503
15,-35,6.3975
15,-30,6.4566
15,-25,6.544
15,-20,6.6432
15,-15,6.7783
15,-10,6.8986
15,-5,7.1118
15,0,7.3207
15,5,7.4782
15,10,7.5622
15,15,7.4409
15,20,7.2218
15,25,7.1041
15,30,7.0319
15,35,6.9722
15,40,6.9255
15,45,6.8571
15,50,6.7732
15,55,6.662103
15,60,6.54626
15,65,6.391846
15,70,6.186353
15,75,5.983143
15,80,5.8657
15,85,5.7643
15,90,5.6326
20,-90,3.9545
20,-85,4.1868
20,-80,4.4992
20,-75,4.7973
20,-70,5.0628
20,-65,5.4304
20,-60,5.6947
20,-55,5.931
20,-50,6.0967
20,-45,6.1655
20,-40,6.2024
20,-35,6.2525
20,-30,6.3173
20,-25,6.4188
20,-20,6.5065
20,-15,6.6657
20,-10,6.8192
20,-5,7.0632
20,0,7.2802
20,5,7.419
20,10,7.4942
20,15,7.3906
20,20,7.1703
20,25,7.0091
20,30,6.9028
20,35,6.8372
20,40,6.7786
20,45,6.7315
20,50,6.6707
20,55,6.58
20,60,6.468016
20,65,6.333274
20,70,6.155326
20,75,5.9814
20,80,5.8644
20,85,5.7627
20,90,5.6326
25,-90,3.9545
25,-85,4.1781
25,-80,4.4843
25,-75,4.7793
25,-70,5.0385
25,-65,5.3686
25,-60,5.6192
25,-55,5.8316
25,-50,5.9887
25,-45,6.0414
25,-40,6.0731
25,-35,6.1299
25,-30,6.2179
25,-25,6.3377
25,-20,6.4732
25,-15,6.6585
25,-10,6.8439
25,-5,7.0521
25,0,7.2301
25,5,7.3239
25,10,7.3663
25,15,7.2635
25,20,7.0478
25,25,6.8591
25,30,6.7395
25,35,6.6574
25,40,6.6107
25,45,6.582
25,50,6.5486
25,55,6.484
25,60,6.3872
25,65,6.2529
25,70,6.1282
25,75,5.9688
25,80,5.8631
25,85,5.7603
25,90,5.6326
30,-90,3.9545
30,-85,4.1685
30,-80,4.4675
30,-75,4.758
30,-70,5.0091
30,-65,5.3079
30,-60,5.5706
30,-55,5.7431
30,-50,5.88
30,-45,5.9248
30,-40,5.9508
30,-35,6.023
30,-30,6.1311
30,-25,6.2771
30,-20,6.4471
30,-15,6.6614
30,-10,6.8757
30,-5,7.0456
30,0,7.1538
30,5,7.1827
30,10,7.1645
30,15,7.0439
30,20,6.8377
30,25,6.6656
30,30,6.5445
30,35,6.471
30,40,6.4399
30,45,6.433
30,50,6.4239
30,55,6.3846
30,60,6.3128
30,65,6.202
30,70,6.1062
30,75,5.9759
30,80,5.8628
30,85,5.7575
30,90,5.6326
35,-90,3.9545
35,-85,4.1607
35,-80,4.4416
35,-75,4.7179
35,-70,4.953
35,-65,5.2173
35,-60,5.4905
35,-55,5.6502
35,-50,5.8098
35,-45,5.8108
35,-40,5.8119
35,-35,5.9236
35,-30,6.0354
35,-25,6.2132
35,-20,6.3909
35,-15,6.6006
35,-10,6.8104
35,-5,6.9483
35,0,7.0437
35,5,7.0154
35,10,6.9251
35,15,6.774
35,20,6.5977
35,25,6.4596
35,30,6.3566
35,35,6.3005
35,40,6.283
35,45,6.2978
35,50,6.3052
35,55,6.2866
35,60,6.2382
35,65,6.1613
35,70,6.083
35,75,5.9825
35,80,5.8647
35,85,5.7553
35,90,5.6326
40,-90,3.9545
40,-85,4.1547
40,-80,4.4135
40,-75,4.6739
40,-70,4.8907
40,-65,5.1212
40,-60,5.4163
40,-55,5.5578
40,-50,5.6994
40,-45,5.7046
40,-40,5.71
40,-35,5.8351
40,-30,5.9601
40,-25,6.1475
40,-20,6.3348
40,-15,6.54
40,-10,6.7451
40,-5,6.8603
40,0,6.9222
40,5,6.8414
40,10,6.7135
40,15,6.5532
40,20,6.3918
40,25,6.2758
40,30,6.1965
40,35,6.1549
40,40,6.1555
40,45,6.1774
40,50,6.1992
40,55,6.1967
40,60,6.1713
40,65,6.1186
40,70,6.0635
40,75,5.9869
40,80,5.8723
40,85,5.7539
40,90,5.6326
45,-90,3.9545
45,-85,4.1459
45,-80,4.3772
45,-75,4.623
45,-70,4.8222
45,-65,5.0658
45,-60,5.3534
45,-55,5.4982
45,-50,5.647
45,-45,5.6811
45,-40,5.7073
45,-35,5.8263
45,-30,5.9492
45,-25,6.1267
45,-20,6.3042
45,-15,6.4825
45,-10,6.6608
45,-5,6.7644
45,0,6.8141
45,5,6.6985
45,10,6.5408
45,15,6.3707
45,20,6.2162
45,25,6.1272
45,30,6.0665
45,35,6.0467
45,40,6.0553
45,45,6.0872
45,50,6.114
45,55,6.1202
45,60,6.1085
45,65,6.0723
45,70,6.0394
45,75,5.9771
45,80,5.8712
45,85,5.7523
45,90,5.6326
50,-90,3.9545
50,-85,4.1371
50,-80,4.3385
50,-75,4.5679
50,-70,4.7471
50,-65,5.0181
50,-60,5.2904
50,-55,5.4385
50,-50,5.5946
50,-45,5.6577
50,-40,5.7047
50,-35,5.8176
50,-30,5.9351
50,-25,6.0993
50,-20,6.2636
50,-15,6.4183
50,-10,6.5732
50,-5,6.6684
50,0,6.7144
50,5,6.575
50,10,6.4065
50,15,6.2348
50,20,6.0921
50,25,5.9898
50,30,5.9618
50,35,5.956
50,40,5.9813
50,45,6.0231
50,50,6.0557
50,55,6.0595
50,60,6.0481
50,65,6.0166
50,70,5.9976
50,75,5.9542
50,80,5.867
50,85,5.7449
50,90,5.6326
55,-90,3.9545
55,-85,4.1261
55,-80,4.296
55,-75,4.5056
55,-70,4.7118
55,-65,4.9804
55,-60,5.249
55,-55,5.3776
55,-50,5.5182
55,-45,5.6166
55,-40,5.691
55,-35,5.7902
55,-30,5.8947
55,-25,6.0741
55,-20,6.2535
55,-15,6.4035
55,-10,6.5535
55,-5,6.6243
55,0,6.6019
55,5,6.4758
55,10,6.3069
55,15,6.149
55,20,6.02
55,25,5.9288
55,30,5.9037
55,35,5.9099
55,40,5.9436
55,45,5.982
55,50,6.0036
55,55,6.0068
55,60,5.9836
55,65,5.9608
55,70,5.9512
55,75,5.917
55,80,5.8435
55,85,5.7366
55,90,5.6326
60,-90,3.9545
60,-85,4.1148
60,-80,4.283
60,-75,4.4779
60,-70,4.6955
60,-65,4.9428
60,-60,5.2076
60,-55,5.3167
60,-50,5.4418
60,-45,5.5754
60,-40,5.6771
60,-35,5.7628
60,-30,5.8544
60,-25,6.0387
60,-20,6.2434
60,-15,6.3886
60,-10,6.5339
60,-5,6.5803
60,0,6.5438
60,5,6.4101
60,10,6.2495
60,15,6.1
60,20,5.9816
60,25,5.8985
60,30,5.8597
60,35,5.869
60,40,5.9091
60,45,5.9468
60,50,5.9599
60,55,5.9493
60,60,5.9251
60,65,5.9118
60,70,5.9062
60,75,5.8831
60,80,5.8231
60,85,5.7276
60,90,5.6326
65,-90,3.9545
65,-85,4.1027
65,-80,4.2623
65,-75,4.4546
65,-70,4.673
65,-65,4.9238
65,-60,5.1875
65,-55,5.3166
65,-50,5.4657
65,-45,5.5791
65,-40,5.6526
65,-35,5.7584
65,-30,5.8157
65,-25,5.9729
65,-20,6.184
65,-15,6.3784
65,-10,6.5219
65,-5,6.5633
65,0,6.4996
65,5,6.3809
65,10,6.2335
65,15,6.0944
65,20,5.98
65,25,5.8973
65,30,5.8579
65,35,5.8531
65,40,5.8733
65,45,5.8961
65,50,5.9051
65,55,5.8992
65,60,5.8847
65,65,5.8782
65,70,5.8808
65,75,5.858
65,80,5.8051
65,85,5.7181
65,90,5.6326
70,-90,3.9545
70,-85,4.09
70,-80,4.2405
70,-75,4.4313
70,-70,4.6506
70,-65,4.9047
70,-60,5.1674
70,-55,5.3166
70,-50,5.4817
70,-45,5.5669
70,-40,5.62
70,-35,5.7541
70,-30,5.8195
70,-25,5.9804
70,-20,6.1733
70,-15,6.3815
70,-10,6.5164
70,-5,6.5553
70,0,6.4912
70,5,6.3762
70,10,6.2357
70,15,6.1019
70,20,5.9876
70,25,5.9031
70,30,5.8529
70,35,5.8388
70,40,5.8467
70,45,5.858
70,50,5.863
70,55,5.8586
70,60,5.8566
70,65,5.8547
70,70,5.8641
70,75,5.8458
70,80,5.7933
70,85,5.7058
70,90,5.6326
75,-90,3.9545
75,-85,4.0769
75,-80,4.2165
75,-75,4.4032
75,-70,4.6218
75,-65,4.8734
75,-60,5.1433
75,-55,5.3207
75,-50,5.4996
75,-45,5.576
75,-40,5.6336
75,-35,5.768
75,-30,5.8515
75,-25,5.9906
75,-20,6.1814
75,-15,6.3529
75,-10,6.4789
75,-5,6.5294
75,0,6.4922
75,5,6.3947
75,10,6.2612
75,15,6.1321
75,20,6.0168
75,25,5.9249
75,30,5.8666
75,35,5.8404
75,40,5.8387
75,45,5.8407
75,50,5.8384
75,55,5.8321
75,60,5.8331
75,65,5.8438
75,70,5.848
75,75,5.8289
75,80,5.7746
75,85,5.6963
75,90,5.6326
80,-90,3.9545
80,-85,4.0636
80,-80,4.192
80,-75,4.3713
80,-70,4.5872
80,-65,4.8472
80,-60,5.1297
80,-55,5.3183
80,-50,5.4785
80,-45,5.5579
80,-40,5.6393
80,-35,5.7819
80,-30,5.9213
80,-25,6.0605
80,-20,6.22
80,-15,6.3469
80,-10,6.4616
80,-5,6.5295
80,0,6.5208
80,5,6.4289
80,10,6.3043
80,15,6.1795
80,20,6.0657
80,25,5.9689
80,30,5.9021
80,35,5.8684
80,40,5.8556
80,45,5.8449
80,50,5.83
80,55,5.8167
80,60,5.8186
80,65,5.8298
80,70,5.837
80,75,5.8163
80,80,5.767
80,85,5.7003
80,90,5.6326
85,-90,3.9545
85,-85,4.0502
85,-80,4.1656
85,-75,4.3348
85,-70,4.5465
85,-65,4.8104
85,-60,5.1133
85,-55,5.3264
85,-50,5.4878
85,-45,5.5391
85,-40,5.6168
85,-35,5.7513
85,-30,5.8767
85,-25,6.0354
85,-20,6.1939
85,-15,6.3242
85,-10,6.4473
85,-5,6.5413
85,0,6.5617
85,5,6.4868
85,10,6.3651
85,15,6.2446
85,20,6.1356
85,25,6.0391
85,30,5.9666
85,35,5.9202
85,40,5.894
85,45,5.8652
85,50,5.8361
85,55,5.8152
85,60,5.811
85,65,5.8193
85,70,5.8223
85,75,5.8024
85,80,5.7565
85,85,5.6974
85,90,5.6326
90,-90,3.9545
90,-85,4.0368
90,-80,4.1419
90,-75,4.2949
90,-70,4.499
90,-65,4.7666
90,-60,5.0764
90,-55,5.3298
90,-50,5.5557
90,-45,5.5545
90,-40,5.616
90,-35,5.7231
90,-30,5.8568
90,-25,6.0039
90,-20,6.1578
90,-15,6.2984
90,-10,6.4352
90,-5,6.5621
90,0,6.6203
90,5,6.5604
90,10,6.4437
90,15,6.3307
90,20,6.2239
90,25,6.1292
90,30,6.0571
90,35,5.993
90,40,5.9408
90,45,5.8924
90,50,5.8523
90,55,5.8256
90,60,5.8145
90,65,5.8134
90,70,5.8074
90,75,5.7848
90,80,5.743
90,85,5.6905
90,90,5.6326
95,-90,3.9545
95,-85,4.0262
95,-80,4.1153
95,-75,4.2516
95,-70,4.4306
95,-65,4.6766
95,-60,4.9602
95,-55,5.2379
95,-50,5.5569
95,-45,5.547
95,-40,5.6046
95,-35,5.7089
95,-30,5.8432
95,-25,5.9946
95,-20,6.1533
95,-15,6.2857
95,-10,6.4326
95,-5,6.5909
95,0,6.6868
95,5,6.6466
95,10,6.5435
95,15,6.4393
95,20,6.3393
95,25,6.2393
95,30,6.1514
95,35,6.067
95,40,5.9898
95,45,5.9221
95,50,5.8688
95,55,5.8351
95,60,5.8198
95,65,5.8132
95,70,5.8025
95,75,5.7759
95,80,5.7329
95,85,5.6805
95,90,5.6326
100,-90,3.9545
100,-85,4.0131
100,-80,4.0858
100,-75,4.1928
100,-70,4.3507
100,-65,4.571
100,-60,4.8507
100,-55,5.1425
100,-50,5.5065
100,-45,5.552
100,-40,5.604
100,-35,5.7184
100,-30,5.8543
100,-25,6.0009
100,-20,6.147
100,-15,6.2784
100,-10,6.4256
100,-5,6.6051
100,0,6.7226
100,5,6.7232
100,10,6.6442
100,15,6.5649
100,20,6.4739
100,25,6.3674
100,30,6.2499
100,35,6.1392
100,40,6.0364
100,45,5.9484
100,50,5.887
100,55,5.8495
100,60,5.8309
100,65,5.8214
100,70,5.8027
100,75,5.7711
100,80,5.7246
100,85,5.6707
100,90,5.6326
105,-90,3.9545
105,-85,3.9996
105,-80,4.0526
105,-75,4.1313
105,-70,4.2596
105,-65,4.4524
105,-60,4.7521
105,-55,5.0956
105,-50,5.4629
105,-45,5.572
105,-40,5.6563
105,-35,5.7494
105,-30,5.8899
105,-25,6.0256
105,-20,6.16
105,-15,6.2705
105,-10,6.4066
105,-5,6.5826
105,0,6.7246
105,5,6.7589
105,10,6.7217
105,15,6.6798
105,20,6.601
105,25,6.4846
105,30,6.3359
105,35,6.1986
105,40,6.0722
105,45,5.9706
105,50,5.9049
105,55,5.8677
105,60,5.8497
105,65,5.8328
105,70,5.8085
105,75,5.7673
105,80,5.7185
105,85,5.6622
105,90,5.6326
110,-90,3.9545
110,-85,3.9869
110,-80,4.0205
110,-75,4.072
110,-70,4.1753
110,-65,4.3405
110,-60,4.6347
110,-55,5.0107
110,-50,5.4041
110,-45,5.5858
110,-40,5.687
110,-35,5.8
110,-30,5.9368
110,-25,6.0648
110,-20,6.175
110,-15,6.2702
110,-10,6.3859
110,-5,6.5436
110,0,6.6828
110,5,6.747
110,10,6.7325
110,15,6.7246
110,20,6.6694
110,25,6.5577
110,30,6.3972
110,35,6.2455
110,40,6.1054
110,45,5.9936
110,50,5.9268
110,55,5.891
110,60,5.868
110,65,5.8464
110,70,5.8088
110,75,5.7639
110,80,5.712
110,85,5.6583
110,90,5.6326
115,-90,3.9545
115,-85,3.975
115,-80,3.9917
115,-75,4.0199
115,-70,4.1019
115,-65,4.2478
115,-60,4.5305
115,-55,4.9299
115,-50,5.3477
115,-45,5.5663
115,-40,5.6997
115,-35,5.8346
115,-30,5.9949
115,-25,6.1132
115,-20,6.2162
115,-15,6.286
115,-10,6.3921
115,-5,6.5132
115,0,6.6159
115,5,6.6825
115,10,6.7043
115,15,6.722
115,20,6.6896
115,25,6.5938
115,30,6.443
115,35,6.2891
115,40,6.1435
115,45,6.0284
115,50,5.9659
115,55,5.9253
115,60,5.886
115,65,5.8497
115,70,5.8048
115,75,5.7533
115,80,5.7055
115,85,5.6578
115,90,5.6326
120,-90,3.9545
120,-85,3.9639
120,-80,3.9655
120,-75,3.9754
120,-70,4.0406
120,-65,4.1702
120,-60,4.4338
120,-55,4.8236
120,-50,5.2771
120,-45,5.538
120,-40,5.7235
120,-35,5.8959
120,-30,6.0711
120,-25,6.1817
120,-20,6.2579
120,-15,6.315
120,-10,6.3978
120,-5,6.4997
120,0,6.582
120,5,6.6425
120,10,6.6816
120,15,6.7287
120,20,6.7193
120,25,6.6361
120,30,6.4861
120,35,6.336
120,40,6.1928
120,45,6.0935
120,50,6.0286
120,55,5.974
120,60,5.9147
120,65,5.8473
120,70,5.7912
120,75,5.7392
120,80,5.696
120,85,5.6564
120,90,5.6326
125,-90,3.9545
125,-85,3.9553
125,-80,3.9449
125,-75,3.9207
125,-70,3.9681
125,-65,4.1257
125,-60,4.3797
125,-55,4.7645
125,-50,5.2256
125,-45,5.5515
125,-40,5.7935
125,-35,5.9974
125,-30,6.1755
125,-25,6.2679
125,-20,6.3199
125,-15,6.358
125,-10,6.4192
125,-5,6.5064
125,0,6.5828
125,5,6.6465
125,10,6.7019
125,15,6.7593
125,20,6.7592
125,25,6.6768
125,30,6.5319
125,35,6.3873
125,40,6.261
125,45,6.1728
125,50,6.1128
125,55,6.0407
125,60,5.9409
125,65,5.8473
125,70,5.7726
125,75,5.7208
125,80,5.6842
125,85,5.654
125,90,5.6326
130,-90,3.9545
130,-85,3.946
130,-80,3.9271
130,-75,3.8758
130,-70,3.9108
130,-65,4.0715
130,-60,4.3192
130,-55,4.7184
130,-50,5.204
130,-45,5.5647
130,-40,5.8531
130,-35,6.1094
130,-30,6.2798
130,-25,6.3669
130,-20,6.3819
130,-15,6.4085
130,-10,6.4595
130,-5,6.5349
130,0,6.6144
130,5,6.6802
130,10,6.7413
130,15,6.7995
130,20,6.8014
130,25,6.7175
130,30,6.5781
130,35,6.4423
130,40,6.3303
130,45,6.2541
130,50,6.1887
130,55,6.091
130,60,5.9629
130,65,5.8379
130,70,5.7499
130,75,5.6982
130,80,5.6698
130,85,5.6489
130,90,5.6326
135,-90,3.9545
135,-85,3.9383
135,-80,3.9113
135,-75,3.8528
135,-70,3.8824
135,-65,4.0413
135,-60,4.2854
135,-55,4.6693
135,-50,5.1331
135,-45,5.5188
135,-40,5.8684
135,-35,6.156
135,-30,6.3824
135,-25,6.4627
135,-20,6.4709
135,-15,6.4751
135,-10,6.5097
135,-5,6.5923
135,0,6.675
135,5,6.742
135,10,6.8016
135,15,6.8488
135,20,6.8415
135,25,6.7557
135,30,6.6224
135,35,6.4943
135,40,6.3889
135,45,6.3132
135,50,6.2352
135,55,6.1147
135,60,5.9608
135,65,5.816
135,70,5.7194
135,75,5.6719
135,80,5.653
135,85,5.6433
135,90,5.6326
140,-90,3.9545
140,-85,3.9306
140,-80,3.894
140,-75,3.8417
140,-70,3.8691
140,-65,4.0199
140,-60,4.2679
140,-55,4.6246
140,-50,5.0318
140,-45,5.4343
140,-40,5.8254
140,-35,6.1998
140,-30,6.4671
140,-25,6.5755
140,-20,6.5665
140,-15,6.5579
140,-10,6.5959
140,-5,6.6687
140,0,6.755
140,5,6.8158
140,10,6.8607
140,15,6.8874
140,20,6.8667
140,25,6.7821
140,30,6.6575
140,35,6.5356
140,40,6.4279
140,45,6.3404
140,50,6.2446
140,55,6.1049
140,60,5.9307
140,65,5.7781
140,70,5.6817
140,75,5.6423
140,80,5.6353
140,85,5.6385
140,90,5.6326
145,-90,3.9545
145,-85,3.9183
145,-80,3.8734
145,-75,3.8099
145,-70,3.8738
145,-65,4.0577
145,-60,4.2439
145,-55,4.5629
145,-50,4.9345
145,-45,5.3488
145,-40,5.7867
145,-35,6.2295
145,-30,6.5471
145,-25,6.6839
145,-20,6.6898
145,-15,6.6823
145,-10,6.7121
145,-5,6.7841
145,0,6.8608
145,5,6.9097
145,10,6.9326
145,15,6.9292
145,20,6.8882
145,25,6.7974
145,30,6.6794
145,35,6.5602
145,40,6.4419
145,45,6.3359
145,50,6.2151
145,55,6.058
145,60,5.8781
145,65,5.7276
145,70,5.6422
145,75,5.612
145,80,5.6177
145,85,5.633
145,90,5.6326
150,-90,3.9545
150,-85,3.9059
150,-80,3.8494
150,-75,3.777
150,-70,3.8569
150,-65,4.0243
150,-60,4.2586
150,-55,4.4905
150,-50,4.8544
150,-45,5.2809
150,-40,5.7546
150,-35,6.2438
150,-30,6.6228
150,-25,6.797
150,-20,6.8479
150,-15,6.8365
150,-10,6.864
150,-5,6.9244
150,0,6.9897
150,5,7.023
150,10,7.0194
150,15,6.9819
150,20,6.9075
150,25,6.8065
150,30,6.683
150,35,6.5608
150,40,6.4312
150,45,6.302
150,50,6.1562
150,55,5.9859
150,60,5.8153
150,65,5.6772
150,70,5.605
150,75,5.5859
150,80,5.6011
150,85,5.6262
150,90,5.6326
155,-90,3.9545
155,-85,3.8909
155,-80,3.8214
155,-75,3.7622
155,-70,3.8335
155,-65,3.9919
155,-60,4.2253
155,-55,4.4767
155,-50,4.8037
155,-45,5.2105
155,-40,5.7078
155,-35,6.3174
155,-30,6.7408
155,-25,6.958
155,-20,7.0087
155,-15,7.0129
155,-10,7.0381
155,-5,7.0893
155,0,7.1375
155,5,7.1512
155,10,7.141
155,15,7.0639
155,20,6.926
155,25,6.7965
155,30,6.6599
155,35,6.5296
155,40,6.3943
155,45,6.246
155,50,6.0895
155,55,5.9213
155,60,5.757
155,65,5.641
155,70,5.5765
155,75,5.5651
155,80,5.5872
155,85,5.6178
155,90,5.6326
160,-90,3.9545
160,-85,3.8759
160,-80,3.7912
160,-75,3.7463
160,-70,3.8109
160,-65,3.957
160,-60,4.1929
160,-55,4.4679
160,-50,4.7601
160,-45,5.1897
160,-40,5.731
160,-35,6.3967
160,-30,6.8627
160,-25,7.1127
160,-20,7.1968
160,-15,7.203
160,-10,7.2374
160,-5,7.2808
160,0,7.311
160,5,7.3242
160,10,7.2937
160,15,7.1647
160,20,6.9692
160,25,6.7633
160,30,6.6066
160,35,6.4643
160,40,6.3264
160,45,6.1828
160,50,6.0303
160,55,5.8726
160,60,5.7292
160,65,5.6182
160,70,5.5583
160,75,5.5503
160,80,5.5755
160,85,5.6091
160,90,5.6326
165,-90,3.9545
165,-85,3.8657
165,-80,3.771
165,-75,3.7366
165,-70,3.7928
165,-65,3.9108
165,-60,4.1391
165,-55,4.4334
165,-50,4.7346
165,-45,5.2023
165,-40,5.7964
165,-35,6.5116
165,-30,7.0312
165,-25,7.2913
165,-20,7.4035
165,-15,7.4288
165,-10,7.4743
165,-5,7.506
165,0,7.5124
165,5,7.4868
165,10,7.4345
165,15,7.2596
165,20,6.9598
165,25,6.7175
165,30,6.53
165,35,6.373
165,40,6.2368
165,45,6.1076
165,50,5.9806
165,55,5.849
165,60,5.7208
165,65,5.6141
165,70,5.5537
165,75,5.5436
165,80,5.5674
165,85,5.6009
165,90,5.6326
170,-90,3.9545
170,-85,3.8554
170,-80,3.749
170,-75,3.723
170,-70,3.7732
170,-65,3.8689
170,-60,4.0749
170,-55,4.388
170,-50,4.7182
170,-45,5.174
170,-40,5.779
170,-35,6.6088
170,-30,7.157
170,-25,7.5159
170,-20,7.6066
170,-15,7.7005
170,-10,7.7529
170,-5,7.7697
170,0,7.7173
170,5,7.6315
170,10,7.4798
170,15,7.2315
170,20,6.9264
170,25,6.6287
170,30,6.4361
170,35,6.2723
170,40,6.141
170,45,6.0337
170,50,5.9385
170,55,5.8414
170,60,5.7323
170,65,5.634
170,70,5.5673
170,75,5.549
170,80,5.5651
170,85,5.5937
170,90,5.6326
175,-90,3.9545
175,-85,3.8492
175,-80,3.7327
175,-75,3.7101
175,-70,3.755
175,-65,3.843
175,-60,4.0653
175,-55,4.3678
175,-50,4.7529
175,-45,5.2407
175,-40,5.8858
175,-35,6.7277
175,-30,7.3295
175,-25,7.6717
175,-20,7.9263
175,-15,8.0069
175,-10,8.0661
175,-5,8.0577
175,0,7.9403
175,5,7.7268
175,10,7.4863
175,15,7.1793
175,20,6.8392
175,25,6.5639
175,30,6.3604
175,35,6.1874
175,40,6.0609
175,45,5.9718
175,50,5.9096
175,55,5.8437
175,60,5.7609
175,65,5.6681
175,70,5.5977
175,75,5.5645
175,80,5.5682
175,85,5.5887
175,90,5.6326
180,-90,3.9545
180,-85,3.8383
180,-80,3.7438
180,-75,3.7093
180,-70,3.7432
180,-65,3.8217
180,-60,4.0343
180,-55,4.3421
180,-50,4.7571
180,-45,5.2595
180,-40,5.9325
180,-35,6.7355
180,-30,7.3894
180,-25,7.8498
180,-20,8.0927
180,-15,8.2322
180,-10,8.2651
180,-5,8.2001
180,0,8.0525
180,5,7.8074
180,10,7.5134
180,15,7.1784
180,20,6.8498
180,25,6.568
180,30,6.3349
180,35,6.1374
180,40,6.011
180,45,5.9334
180,50,5.8915
180,55,5.8511
180,60,5.7877
180,65,5.707
180,70,5.6292
180,75,5.5841
180,80,5.5703
180,85,5.5757
180,90,5.6326
185,-90,3.9545
185,-85,3.8345
185,-80,3.7323
185,-75,3.6907
185,-70,3.7181
185,-65,3.7995
185,-60,3.9992
185,-55,4.3023
185,-50,4.7212
185,-45,5.2437
185,-40,5.9275
185,-35,6.7099
185,-30,7.4092
185,-25,7.9379
185,-20,8.2213
185,-15,8.3871
185,-10,8.3932
185,-5,8.3019
185,0,8.113
185,5,7.8451
185,10,7.5343
185,15,7.2134
185,20,6.8787
185,25,6.5817
185,30,6.3315
185,35,6.103
185,40,5.9771
185,45,5.8992
185,50,5.8843
185,55,5.862
185,60,5.8171
185,65,5.7394
185,70,5.6507
185,75,5.5912
185,80,5.568
185,85,5.5738
185,90,5.6326
190,-90,3.9545
190,-85,3.83
190,-80,3.7229
190,-75,3.6687
190,-70,3.6863
190,-65,3.7709
190,-60,3.9547
190,-55,4.247
190,-50,4.6705
190,-45,5.1862
190,-40,5.8733
190,-35,6.6432
190,-30,7.3593
190,-25,7.9482
190,-20,8.2447
190,-15,8.4068
190,-10,8.3981
190,-5,8.2457
190,0,8.0098
190,5,7.7479
190,10,7.459
190,15,7.1846
190,20,6.9295
190,25,6.6288
190,30,6.3616
190,35,6.1259
190,40,5.9862
190,45,5.9038
190,50,5.8829
190,55,5.859
190,60,5.8184
190,65,5.7467
190,70,5.6606
190,75,5.5939
190,80,5.5683
190,85,5.5722
190,90,5.6326
195,-90,3.9545
195,-85,3.8294
195,-80,3.7159
195,-75,3.653
195,-70,3.6605
195,-65,3.726
195,-60,3.9281
195,-55,4.2092
195,-50,4.6048
195,-45,5.1012
195,-40,5.7359
195,-35,6.4462
195,-30,7.1525
195,-25,7.7657
195,-20,8.0882
195,-15,8.2758
195,-10,8.2217
195,-5,8.0137
195,0,7.7659
195,5,7.4945
195,10,7.2804
195,15,7.1115
195,20,6.9183
195,25,6.6887
195,30,6.4136
195,35,6.1647
195,40,6.0114
195,45,5.923
195,50,5.8866
195,55,5.8533
195,60,5.8147
195,65,5.7434
195,70,5.6556
195,75,5.5905
195,80,5.5642
195,85,5.5709
195,90,5.6326
200,-90,3.9545
200,-85,3.83
200,-80,3.7172
200,-75,3.6516
200,-70,3.646
200,-65,3.6916
200,-60,3.8758
200,-55,4.1348
200,-50,4.4904
200,-45,4.9361
200,-40,5.4795
200,-35,6.1323
200,-30,6.7962
200,-25,7.4158
200,-20,7.779
200,-15,7.9642
200,-10,7.9128
200,-5,7.7076
200,0,7.4638
200,5,7.266
200,10,7.1139
200,15,7.0196
200,20,6.9239
200,25,6.7301
200,30,6.4722
200,35,6.213
200,40,6.0517
200,45,5.9464
200,50,5.8919
200,55,5.8518
200,60,5.8078
200,65,5.737
200,70,5.6483
200,75,5.5822
200,80,5.5598
200,85,5.5699
200,90,5.6326
205,-90,3.9545
205,-85,3.828
205,-80,3.7177
205,-75,3.6558
205,-70,3.6466
205,-65,3.6823
205,-60,3.8274
205,-55,4.0472
205,-50,4.3591
205,-45,4.7403
205,-40,5.1904
205,-35,5.7649
205,-30,6.3678
205,-25,6.9368
205,-20,7.3385
205,-15,7.5687
205,-10,7.5643
205,-5,7.3983
205,0,7.2218
205,5,7.1049
205,10,7.0293
205,15,6.9869
205,20,6.9441
205,25,6.7744
205,30,6.5325
205,35,6.2782
205,40,6.1072
205,45,5.9927
205,50,5.91
205,55,5.844
205,60,5.8114
205,65,5.7286
205,70,5.6379
205,75,5.5745
205,80,5.5542
205,85,5.5693
205,90,5.6326
210,-90,3.9545
210,-85,3.8243
210,-80,3.7138
210,-75,3.6571
210,-70,3.6453
210,-65,3.6677
210,-60,3.7734
210,-55,3.9542
210,-50,4.2198
210,-45,4.5462
210,-40,4.9215
210,-35,5.4272
210,-30,5.9284
210,-25,6.4651
210,-20,6.8853
210,-15,7.1593
210,-10,7.2422
210,-5,7.1713
210,0,7.0775
210,5,7.0254
210,10,7.014
210,15,7.0256
210,20,6.979
210,25,6.825
210,30,6.5829
210,35,6.3409
210,40,6.1687
210,45,6.0406
210,50,5.931
210,55,5.8647
210,60,5.8024
210,65,5.7262
210,70,5.6279
210,75,5.567
210,80,5.5494
210,85,5.5623
210,90,5.6326
215,-90,3.9545
215,-85,3.8175
215,-80,3.7059
215,-75,3.6522
215,-70,3.6398
215,-65,3.6484
215,-60,3.7222
215,-55,3.8634
215,-50,4.0906
215,-45,4.372
215,-40,4.6935
215,-35,5.1047
215,-30,5.5651
215,-25,6.011
215,-20,6.4417
215,-15,6.7744
215,-10,6.9602
215,-5,7.0162
215,0,7.0198
215,5,7.0339
215,10,7.0756
215,15,7.0863
215,20,7.0182
215,25,6.8514
215,30,6.6142
215,35,6.3882
215,40,6.2267
215,45,6.1022
215,50,5.9768
215,55,5.8836
215,60,5.8111
215,65,5.718
215,70,5.6228
215,75,5.5656
215,80,5.5502
215,85,5.5643
215,90,5.6326
220,-90,3.9545
220,-85,3.8102
220,-80,3.6999
220,-75,3.6432
220,-70,3.6328
220,-65,3.633
220,-60,3.6812
220,-55,3.796
220,-50,3.9832
220,-45,4.2258
220,-40,4.4984
220,-35,4.8477
220,-30,5.2167
220,-25,5.6295
220,-20,6.0385
220,-15,6.395
220,-10,6.6747
220,-5,6.8521
220,0,6.9584
220,5,7.0509
220,10,7.1057
220,15,7.1015
220,20,7.0208
220,25,6.8355
220,30,6.6213
220,35,6.4151
220,40,6.2697
220,45,6.155
220,50,6.0188
220,55,5.9107
220,60,5.814
220,65,5.7037
220,70,5.6146
220,75,5.5632
220,80,5.55
220,85,5.5666
220,90,5.6326
225,-90,3.9545
225,-85,3.8122
225,-80,3.6985
225,-75,3.6395
225,-70,3.6222
225,-65,3.6199
225,-60,3.6613
225,-55,3.754
225,-50,3.9085
225,-45,4.1072
225,-40,4.3339
225,-35,4.6282
225,-30,4.9421
225,-25,5.2861
225,-20,5.6683
225,-15,6.0342
225,-10,6.3652
225,-5,6.6347
225,0,6.8286
225,5,6.9559
225,10,7.028
225,15,7.0287
225,20,6.9414
225,25,6.7937
225,30,6.613
225,35,6.434
225,40,6.2956
225,45,6.1856
225,50,6.0375
225,55,5.9015
225,60,5.7893
225,65,5.6756
225,70,5.5941
225,75,5.5617
225,80,5.5531
225,85,5.5695
225,90,5.6326
230,-90,3.9545
230,-85,3.814
230,-80,3.6965
230,-75,3.6351
230,-70,3.6073
230,-65,3.5822
230,-60,3.6454
230,-55,3.7301
230,-50,3.8554
230,-45,4.0147
230,-40,4.202
230,-35,4.4357
230,-30,4.6926
230,-25,4.9812
230,-20,5.3551
230,-15,5.7269
230,-10,6.0974
230,-5,6.4195
230,0,6.6598
230,5,6.8077
230,10,6.8849
230,15,6.8935
230,20,6.847
230,25,6.7441
230,30,6.6003
230,35,6.4345
230,40,6.3179
230,45,6.1904
230,50,6.0348
230,55,5.8773
230,60,5.7438
230,65,5.6334
230,70,5.5727
230,75,5.5546
230,80,5.5574
230,85,5.5729
230,90,5.6326
235,-90,3.9545
235,-85,3.8088
235,-80,3.6984
235,-75,3.6305
235,-70,3.6086
235,-65,3.5886
235,-60,3.6442
235,-55,3.7152
235,-50,3.8144
235,-45,3.9461
235,-40,4.1059
235,-35,4.3127
235,-30,4.5355
235,-25,4.7916
235,-20,5.0994
235,-15,5.4795
235,-10,5.8972
235,-5,6.2759
235,0,6.5385
235,5,6.6829
235,10,6.7414
235,15,6.7677
235,20,6.7669
235,25,6.7132
235,30,6.6025
235,35,6.4527
235,40,6.3213
235,45,6.183
235,50,6.0083
235,55,5.8369
235,60,5.7097
235,65,5.6031
235,70,5.5515
235,75,5.5478
235,80,5.5609
235,85,5.577
235,90,5.6326
240,-90,3.9545
240,-85,3.8058
240,-80,3.6945
240,-75,3.6417
240,-70,3.6263
240,-65,3.6144
240,-60,3.6574
240,-55,3.7118
240,-50,3.7905
240,-45,3.8987
240,-40,4.0408
240,-35,4.2323
240,-30,4.4425
240,-25,4.6848
240,-20,4.9804
240,-15,5.3664
240,-10,5.8051
240,-5,6.197
240,0,6.4464
240,5,6.5731
240,10,6.628
240,15,6.6596
240,20,6.6789
240,25,6.661
240,30,6.5857
240,35,6.454
240,40,6.3108
240,45,6.1564
240,50,5.9801
240,55,5.812
240,60,5.6935
240,65,5.5876
240,70,5.5369
240,75,5.5433
240,80,5.563
240,85,5.5816
240,90,5.6326
245,-90,3.9545
245,-85,3.797
245,-80,3.6746
245,-75,3.6494
245,-70,3.6595
245,-65,3.6566
245,-60,3.6871
245,-55,3.7286
245,-50,3.7878
245,-45,3.8733
245,-40,3.9962
245,-35,4.1627
245,-30,4.3715
245,-25,4.6071
245,-20,4.8793
245,-15,5.2896
245,-10,5.7854
245,-5,6.223932
245,0,6.4144
245,5,6.4948
245,10,6.5223
245,15,6.5523
245,20,6.5705
245,25,6.5688
245,30,6.5219
245,35,6.4105
245,40,6.2706
245,45,6.1116
245,50,5.9571
245,55,5.8116
245,60,5.6926
245,65,5.5864
245,70,5.5329
245,75,5.5415
245,80,5.5678
245,85,5.5869
245,90,5.6326
250,-90,3.9545
250,-85,3.7943
250,-80,3.6765
250,-75,3.6605
250,-70,3.685
250,-65,3.7072
250,-60,3.7288
250,-55,3.7614
250,-50,3.8054
250,-45,3.8689
250,-40,3.9686
250,-35,4.1196
250,-30,4.3232
250,-25,4.5614
250,-20,4.8848
250,-15,5.290053
250,-10,5.678145
250,-5,6.047434
250,0,6.209143
250,5,6.326941
250,10,6.381159
250,15,6.427148
250,20,6.4412
250,25,6.4373
250,30,6.4133
250,35,6.3339
250,40,6.2114
250,45,6.0698
250,50,5.9296
250,55,5.8102
250,60,5.7074
250,65,5.5985
250,70,5.539
250,75,5.5462
250,80,5.5753
250,85,5.5929
250,90,5.6326
255,-90,3.9545
255,-85,3.7948
255,-80,3.677
255,-75,3.6701
255,-70,3.7049
255,-65,3.7418
255,-60,3.7663
255,-55,3.7993
255,-50,3.8291
255,-45,3.8756
255,-40,3.9554
255,-35,4.0902
255,-30,4.283
255,-25,4.5164
255,-20,4.865849
255,-15,5.22681
255,-10,5.596598
255,-5,5.906665
255,0,6.009779
255,5,6.108831
255,10,6.202971
255,15,6.236892
255,20,6.279748
255,25,6.2812
255,30,6.2808
255,35,6.2458
255,40,6.1558
255,45,6.035
255,50,5.9227
255,55,5.8204
255,60,5.7267
255,65,5.6399
255,70,5.584
255,75,5.5683
255,80,5.5815
255,85,5.5989
255,90,5.6326
260,-90,3.9545
260,-85,3.7946
260,-80,3.6818
260,-75,3.6814
260,-70,3.7229
260,-65,3.7634
260,-60,3.7964
260,-55,3.8373
260,-50,3.8462
260,-45,3.8757
260,-40,3.9339
260,-35,4.0547
260,-30,4.2387
260,-25,4.4985
260,-20,4.809059
260,-15,5.191781
260,-10,5.525244
260,-5,5.8
260,0,5.868551
260,5,5.929391
260,10,6.030534
260,15,6.041071
260,20,6.075659
260,25,6.1172
260,30,6.134
260,35,6.1821
260,40,6.1102
260,45,6.0136
260,50,5.9175
260,55,5.8285
260,60,5.7461
260,65,5.6684
260,70,5.6114
260,75,5.5899
260,80,5.5913
260,85,5.6044
260,90,5.6326
265,-90,3.9545
265,-85,3.7963
265,-80,3.6947
265,-75,3.6981
265,-70,3.749
265,-65,3.7915
265,-60,3.8291
265,-55,3.8643
265,-50,3.8756
265,-45,3.9193
265,-40,3.9927
265,-35,4.1151
265,-30,4.293
265,-25,4.5444
265,-20,4.837713
265,-15,5.228169
265,-10,5.526709
265,-5,5.750437
265,0,5.771105
265,5,5.820403
265,10,5.894582
265,15,5.907932
265,20,5.939839
265,25,6.0125
265,30,6.0448
265,35,6.1191
265,40,6.076259
265,45,6.001084
265,50,5.9333
265,55,5.8485
265,60,5.7698
265,65,5.6973
265,70,5.6421
265,75,5.6138
265,80,5.6061
265,85,5.611
265,90,5.6326
270,-90,3.9545
270,-85,3.8046
270,-80,3.7073
270,-75,3.7256
270,-70,3.7801
270,-65,3.8372
270,-60,3.8921
270,-55,3.9323
270,-50,3.9544
270,-45,4.0205
270,-40,4.123
270,-35,4.2602
270,-30,4.4521
270,-25,4.68578
270,-20,4.974541
270,-15,5.330881
270,-10,5.560246
270,-5,5.730804
270,0,5.730653
270,5,5.762544
270,10,5.775241
270,15,5.789716
270,20,5.827691
270,25,5.92
270,30,5.965962
270,35,6.049013
270,40,6.046577
270,45,5.993638
270,50,5.941325
270,55,5.8925
270,60,5.8113
270,65,5.74
270,70,5.6845
270,75,5.6475
270,80,5.6285
270,85,5.6195
270,90,5.6326
275,-90,3.9545
275,-85,3.8102
275,-80,3.724
275,-75,3.745
275,-70,3.8155
275,-65,3.8832
275,-60,3.9587
275,-55,4.0078
275,-50,4.0661
275,-45,4.1842
275,-40,4.3362
275,-35,4.5099
275,-30,4.699537
275,-25,4.933896
275,-20,5.192621
275,-15,5.464028
275,-10,5.666465
275,-5,5.759922
275,0,5.720275
275,5,5.719304
275,10,5.709082
275,15,5.729632
275,20,5.765539
275,25,5.853187
275,30,5.885811
275,35,6.024485
275,40,6.053299
275,45,6.015254
275,50,5.966589
275,55,5.925552
275,60,5.8658
275,65,5.7949
275,70,5.7334
275,75,5.6842
275,80,5.6518
275,85,5.6287
275,90,5.6326
280,-90,3.9545
280,-85,3.8341
280,-80,3.7627
280,-75,3.7813
280,-70,3.87
280,-65,3.9812
280,-60,4.1339
280,-55,4.23
280,-50,4.3139
280,-45,4.4355
280,-40,4.6171
280,-35,4.8311
280,-30,5.03607
280,-25,5.258187
280,-20,5.497905
280,-15,5.646527
280,-10,5.718019
280,-5,5.721663
280,0,5.657508
280,5,5.677382
280,10,5.659434
280,15,5.684471
280,20,5.722259
280,25,5.767466
280,30,5.823524
280,35,6.006453
280,40,6.07596
280,45,6.0579
280,50,6.006447
280,55,5.967926
280,60,5.9322
280,65,5.855
280,70,5.7853
280,75,5.7242
280,80,5.6736
280,85,5.6386
280,90,5.6326
285,-90,3.9545
285,-85,3.844
285,-80,3.7795
285,-75,3.8122
285,-70,3.9389
285,-65,4.115
285,-60,4.3561
285,-55,4.5012
285,-50,4.6442
285,-45,4.8174
285,-40,4.9999
285,-35,5.2257
285,-30,5.421074
285,-25,5.580841
285,-20,5.746052
285,-15,5.8
285,-10,5.793074
285,-5,5.734173
285,0,5.648591
285,5,5.669832
285,10,5.641771
285,15,5.672692
285,20,5.707849
285,25,5.71148
285,30,5.783105
285,35,5.972306
285,40,6.087889
285,45,6.099845
285,50,6.050446
285,55,6.019321
285,60,6.0002
285,65,5.9203
285,70,5.8418
285,75,5.7612
285,80,5.697
285,85,5.6484
285,90,5.6326
290,-90,3.9545
290,-85,3.8571
290,-80,3.8024
290,-75,3.8539
290,-70,4.0267
290,-65,4.2789
290,-60,4.5584
290,-55,4.7849
290,-50,5.0013
290,-45,5.2129
290,-40,5.4127
290,-35,5.6038
290,-30,5.757171
290,-25,5.838387
290,-20,5.933647
290,-15,5.940605
290,-10,5.891644
290,-5,5.77972
290,0,5.670358
290,5,5.673139
290,10,5.634159
290,15,5.669848
290,20,5.6686
290,25,5.673569
290,30,5.764355
290,35,5.964697
290,40,6.1
290,45,6.133097
290,50,6.103623
290,55,6.097541
290,60,6.066783
290,65,5.9815
290,70,5.8887
290,75,5.7977
290,80,5.7174
290,85,5.658
290,90,5.6326
295,-90,3.9545
295,-85,3.8741
295,-80,3.8329
295,-75,3.9096
295,-70,4.1332
295,-65,4.465
295,-60,4.7639
295,-55,5.0632
295,-50,5.3364
295,-45,5.5991
295,-40,5.8287
295,-35,5.9644
295,-30,6.062437
295,-25,6.055996
295,-20,6.048882
295,-15,6.034096
295,-10,5.985184
295,-5,5.889885
295,0,5.799134
295,5,5.7331
295,10,5.6725
295,15,5.6513
295,20,5.651655
295,25,5.666272
295,30,5.774453
295,35,5.971502
295,40,6.087289
295,45,6.180269
295,50,6.189916
295,55,6.192215
295,60,6.162712
295,65,6.024609
295,70,5.9299
295,75,5.8267
295,80,5.7354
295,85,5.6669
295,90,5.6326
300,-90,3.9545
300,-85,3.8921
300,-80,3.8735
300,-75,3.9828
300,-70,4.2508
300,-65,4.6234
300,-60,4.9093
300,-55,5.2775
300,-50,5.6073
300,-45,5.8972
300,-40,6.175
300,-35,6.2163
300,-30,6.3037
300,-25,6.24298
300,-20,6.181951
300,-15,6.14166
300,-10,6.085219
300,-5,5.977867
300,0,5.8656
300,5,5.7627
300,10,5.691216
300,15,5.623632
300,20,5.608495
300,25,5.653846
300,30,5.770806
300,35,5.967292
300,40,6.122989
300,45,6.226253
300,50,6.258646
300,55,6.266638
300,60,6.210876
300,65,6.077499
300,70,5.958878
300,75,5.8494
300,80,5.7488
300,85,5.6743
300,90,5.6326
305,-90,3.9545
305,-85,3.9219
305,-80,3.9121
305,-75,4.0794
305,-70,4.3948
305,-65,4.7489
305,-60,5.0988
305,-55,5.4822
305,-50,5.8552
305,-45,6.1432
305,-40,6.3345
305,-35,6.4176
305,-30,6.4654
305,-25,6.3829
305,-20,6.303874
305,-15,6.25552
305,-10,6.1988
305,-5,6.0719
305,0,5.942254
305,5,5.807702
305,10,5.693444
305,15,5.629988
305,20,5.621736
305,25,5.699562
305,30,5.806719
305,35,5.967289
305,40,6.143133
305,45,6.26956
305,50,6.31936
305,55,6.315856
305,60,6.259168
305,65,6.121569
305,70,5.979292
305,75,5.869243
305,80,5.7602
305,85,5.6818
305,90,5.6326
310,-90,3.9545
310,-85,3.9366
310,-80,3.9882
310,-75,4.204
310,-70,4.5345
310,-65,4.9016
310,-60,5.2748
310,-55,5.6986
310,-50,6.0963
310,-45,6.3516
310,-40,6.5042
310,-35,6.5542
310,-30,6.577
310,-25,6.4591
310,-20,6.3781
310,-15,6.3301
310,-10,6.2749
310,-5,6.162851
310,0,6.001961
310,5,5.865822
310,10,5.727689
310,15,5.663208
310,20,5.652023
310,25,5.724757
310,30,5.845234
310,35,6.031785
310,40,6.196947
310,45,6.326876
310,50,6.366067
310,55,6.378531
310,60,6.296126
310,65,6.159663
310,70,5.997319
310,75,5.893764
310,80,5.7707
310,85,5.6888
310,90,5.6326
315,-90,3.9545
315,-85,3.9821
315,-80,4.0788
315,-75,4.3388
315,-70,4.703
315,-65,5.0625
315,-60,5.4563
315,-55,5.9181
315,-50,6.3205
315,-45,6.5373
315,-40,6.629
315,-35,6.6676
315,-30,6.6818
315,-25,6.572
315,-20,6.4992
315,-15,6.4514
315,-10,6.399
315,-5,6.265966
315,0,6.109776
315,5,5.974539
315,10,5.828176
315,15,5.751849
315,20,5.724145
315,25,5.783938
315,30,5.901596
315,35,6.116401
315,40,6.289412
315,45,6.410806
315,50,6.44347
315,55,6.414078
315,60,6.334119
315,65,6.193709
315,70,6.03
315,75,5.918321
315,80,5.7831
315,85,5.6967
315,90,5.6326
320,-90,3.9545
320,-85,4.027
320,-80,4.175
320,-75,4.4758
320,-70,4.8319
320,-65,5.2066
320,-60,5.6287
320,-55,6.0938
320,-50,6.4944
320,-45,6.6839
320,-40,6.7695
320,-35,6.7885
320,-30,6.8168
320,-25,6.75
320,-20,6.6563
320,-15,6.6085
320,-10,6.5535
320,-5,6.403043
320,0,6.253551
320,5,6.123013
320,10,5.964455
320,15,5.86343
320,20,5.826174
320,25,5.871937
320,30,5.977435
320,35,6.205002
320,40,6.38699
320,45,6.490719
320,50,6.495968
320,55,6.455358
320,60,6.368075
320,65,6.228409
320,70,6.08
320,75,5.943687
320,80,5.7968
320,85,5.7063
320,90,5.6326
325,-90,3.9545
325,-85,4.0627
325,-80,4.2582
325,-75,4.5732
325,-70,4.931
325,-65,5.3219
325,-60,5.7516
325,-55,6.2099
325,-50,6.6039
325,-45,6.8161
325,-40,6.9105
325,-35,6.9359
325,-30,6.939
325,-25,6.8844
325,-20,6.8007
325,-15,6.7498
325,-10,6.6997
325,-5,6.553584
325,0,6.416711
325,5,6.277787
325,10,6.133715
325,15,6.028189
325,20,5.985572
325,25,6.018252
325,30,6.11202
325,35,6.31699
325,40,6.498786
325,45,6.580971
325,50,6.559126
325,55,6.496784
325,60,6.4
325,65,6.255542
325,70,6.12
325,75,5.965864
325,80,5.81
325,85,5.7152
325,90,5.6326
330,-90,3.9545
330,-85,4.0974
330,-80,4.3252
330,-75,4.6432
330,-70,5.0022
330,-65,5.4055
330,-60,5.84
330,-55,6.2856
330,-50,6.6838
330,-45,6.919
330,-40,7.0537
330,-35,7.0829
330,-30,7.0705
330,-25,7.0421
330,-20,6.9312
330,-15,6.8766
330,-10,6.8291
330,-5,6.705043
330,0,6.592252
330,5,6.454104
330,10,6.339161
330,15,6.242297
330,20,6.196553
330,25,6.222687
330,30,6.303763
330,35,6.46869
330,40,6.631997
330,45,6.674422
330,50,6.627981
330,55,6.54366
330,60,6.425973
330,65,6.276971
330,70,6.099122
330,75,5.983886
330,80,5.8225
330,85,5.7244
330,90,5.6326
335,-90,3.9545
335,-85,4.1009
335,-80,4.376
335,-75,4.6973
335,-70,5.0338
335,-65,5.4608
335,-60,5.901
335,-55,6.349
335,-50,6.7396
335,-45,6.9925
335,-40,7.1424
335,-35,7.1694
335,-30,7.1709
335,-25,7.153
335,-20,7.0182
335,-15,6.955
335,-10,6.9142
335,-5,6.847366
335,0,6.769377
335,5,6.655717
335,10,6.555878
335,15,6.486456
335,20,6.45
335,25,6.473102
335,30,6.543613
335,35,6.658017
335,40,6.760942
335,45,6.773602
335,50,6.712851
335,55,6.588964
335,60,6.454531
335,65,6.291127
335,70,6.12319
335,75,5.997529
335,80,5.8336
335,85,5.7328
335,90,5.6326
340,-90,3.9545
340,-85,4.141
340,-80,4.4102
340,-75,4.7386
340,-70,5.0832
340,-65,5.5049
340,-60,5.9449
340,-55,6.3969
340,-50,6.7899
340,-45,7.028
340,-40,7.1602
340,-35,7.1862
340,-30,7.1691
340,-25,7.1365
340,-20,7.0413
340,-15,6.9886
340,-10,6.972
340,-5,6.977751
340,0,6.950961
340,5,6.882914
340,10,6.809279
340,15,6.732311
340,20,6.686691
340,25,6.727023
340,30,6.798693
340,35,6.857145
340,40,6.875415
340,45,6.892784
340,50,6.85466
340,55,6.685024
340,60,6.479357
340,65,6.301907
340,70,6.142759
340,75,6.007318
340,80,5.8422
340,85,5.7405
340,90,5.6326
345,-90,3.9545
345,-85,4.1559
345,-80,4.4374
345,-75,4.7737
345,-70,5.1215
345,-65,5.5362
345,-60,5.9737
345,-55,6.4271
345,-50,6.8221
345,-45,7.0265
345,-40,7.1369
345,-35,7.1541
345,-30,7.1346
345,-25,7.109
345,-20,7.0709
345,-15,7.0548
345,-10,7.0592
345,-5,7.0833
345,0,7.118354
345,5,7.121258
345,10,7.101871
345,15,7.034068
345,20,6.971046
345,25,6.978397
345,30,7.010749
345,35,7.028664
345,40,6.9468
345,45,6.987335
345,50,6.95068
345,55,6.761574
345,60,6.498656
345,65,6.31216
345,70,6.162471
345,75,6.007529
345,80,5.8488
345,85,5.7465
345,90,5.6326
350,-90,3.9545
350,-85,4.1697
350,-80,4.4629
350,-75,4.8001
350,-70,5.1477
350,-65,5.5585
350,-60,5.9871
350,-55,6.4056
350,-50,6.7494
350,-45,6.9548
350,-40,7.0491
350,-35,7.0838
350,-30,7.0897
350,-25,7.1021
350,-20,7.1351
350,-15,7.1754
350,-10,7.1986
350,-5,7.2056
350,0,7.2126
350,5,7.3456
350,10,7.4652
350,15,7.364966
350,20,7.265083
350,25,7.233896
350,30,7.174475
350,35,7.069593
350,40,6.9943
350,45,7.030451
350,50,6.969757
350,55,6.78452
350,60,6.520431
350,65,6.363242
350,70,6.171906
350,75,5.993186
350,80,5.8532
350,85,5.7577
350,90,5.6326
355,-90,3.9545
355,-85,4.1791
355,-80,4.4803
355,-75,4.8195
355,-70,5.1715
355,-65,5.579
355,-60,5.9799
355,-55,6.3663
355,-50,6.696
355,-45,6.8645
355,-40,6.9571
355,-35,6.9827
355,-30,7.0106
355,-25,7.048
355,-20,7.0941
355,-15,7.1689
355,-10,7.2333
355,-5,7.2966
355,0,7.379
355,5,7.4981
355,10,7.6228
355,15,7.523472
355,20,7.372866
355,25,7.290126
355,30,7.2144
355,35,7.123
355,40,7.0375
355,45,7.034266
355,50,6.981638
355,55,6.798516
355,60,6.572917
355,65,6.391946
355,70,6.177977
355,75,5.981064
355,80,5.8527
355,85,5.7657
355,90,5.6326
360,-90,3.9545
360,-85,4.1874
360,-80,4.496
360,-75,4.8416
360,-70,5.1512
360,-65,5.6082
360,-60,5.9651
360,-55,6.3201
360,-50,6.5928
360,-45,6.7492
360,-40,6.8111
360,-35,6.8575
360,-30,6.9006
360,-25,6.9627
360,-20,7.0463
360,-15,7.1604
360,-10,7.2844
360,-5,7.4073
360,0,7.5466
360,5,7.6506
360,10,7.7589
360,15,7.6272
360,20,7.45
360,25,7.3043
360,30,7.2413
360,35,7.1761
360,40,7.0682
360,45,7.008838
360,50,6.951506
360,55,6.792615
360,60,6.590011
360,65,6.404085
360,70,6.174111
360,75,5.976188
360,80,5.8537
360,85,5.7717
360,90,5.6326


